camera_matrix:
- - 785.4211781621483
  - 0.0
  - 318.05277676515107
- - 0.0
  - 784.137732741561
  - 240.83254986145354
- - 0.0
  - 0.0
  - 1.0
dist_coeff:
- - -0.7874504210687944
  - 7.18045442894109
  - 0.03732237657226428
  - -0.013297080410922117
  - -36.37566733804244
