camera_matrix:
- - 618.3861945675244
  - 0.0
  - 319.89973985203176
- - 0.0
  - 620.8246314775956
  - 250.8707589416082
- - 0.0
  - 0.0
  - 1.0
dist_coeff:
- - -0.155759922799185
  - 0.5745068693203523
  - 0.008509611720294654
  - -0.00882721860505186
  - -1.1884487727941588
